[Group_0]
obj_0="[[0,194.701,0,1,"[5069.104492,8625.740234,-0.0256653]",-100,[0,0,0],1,1,-1],[1,15.8497,1,1,"[5113.435059,8606.882813,-0.018158]",-100,[0,0,0],1,1,-1],[1,15.8804,1,1,"[5121.636719,8604.788086,0.241882]",-100,[0,0,0],1,1,-1],[1,15.8523,1,1,"[5129.62793,8602.824219,0.114807]",-100,[0,0,0],0,1,-1],[1,16.1061,1,1,"[5137.623047,8600.578125,-0.0914001]",-100,[0,0,0],1,1,-1]]"
obj_1="[[1,26.6396,1,1,"[5145.171387,8598.0458984,-0.0450745]",-100,[0,0,0],1,1,-1],[1,83.4912,1,1,"[5148.677246,8592.989258,0.0912476]",-100,[0,0,0],1,1,-1],[1,105.44,1,1,"[5148.339355,8586.298828,0.0546875]",-100,[0,0,0],1,1,-1],[1,134.013,1,1,"[5145.248535,8580.637695,0.00689697]",-100,[0,0,0],1,1,-1],[1,15.822,1,1,"[5105.378906,8609.169922,-0.00311279]",-100,[0,0,0],1,1,-1]]"
obj_2="[[1,15.6768,1,1,"[5097.322754,8611.457031,-0.00323486]",-100,[0,0,0],1,1,-1],[1,15.7957,1,1,"[5089.266602,8613.744141,6.10352e-005]",-100,[0,0,0],1,1,-1],[1,15.7062,1,1,"[5081.210449,8616.03125,0.0259094]",-100,[0,0,0],1,1,-1],[1,15.8948,1,1,"[5073.154297,8618.318359,-0.0745544]",-100,[0,0,0],1,1,-1],[1,133.989,1,1,"[5140.71875,8575.581055,0.354736]",-100,[0,0,0],0,1,-1]]"
obj_3="[[1,135.355,1,1,"[5135.125,8569.564453,0.197296]",-100,[0,0,0],0,1,-1],[1,134.497,1,1,"[5129.632813,8563.850586,-0.179199]",-100,[0,0,0],0,1,-1],[1,134.072,1,1,"[5124.00683594,8557.793945,-0.152374]",-100,[0,0,0],0,1,-1],[1,127.313,1,1,"[5118.803711,8551.299805,-0.0130615]",-100,[0,0,0],0,1,-1],[1,127.139,1,1,"[5113.901367,8544.729492,-0.0153809]",-100,[0,0,0],0,1,-1]]"
obj_4="[[1,131.353,1,1,"[5109.0869141,8538.263672,0.174591]",-100,[0,0,0],0,1,-1],[1,163.035,1,1,"[5103.355957,8534.267578,0.17099]",-100,[0,0,0],1,1,-1],[1,183.821,1,1,"[5095.889648,8532.996094,-0.110168]",-100,[0,0,0],1,1,-1],[1,183.963,1,1,"[5087.722656,8533.177734,0.0694885]",-100,[0,0,0],1,1,-1],[1,184.791,1,1,"[5079.776367,8533.34082,0.358887]",-100,[0,0,0],1,1,-1]]"
obj_5="[[1,183.932,1,1,"[5071.741211,8533.524414,0.063385]",-100,[0,0,0],1,1,-1],[1,138.284,1,1,"[5065.0209961,8530.90332,0.128998]",-100,[0,0,0],1,1,-1],[1,137.703,1,1,"[5059.374023,8525.178711,0.0361938]",-100,[0,0,0],0,1,-1],[1,144.286,1,1,"[5053.396484,8519.875977,0.250488]",-100,[0,0,0],1,1,-1],[1,151.483,1,1,"[5046.88623,8515.428711,0.281616]",-100,[0,0,0],1,1,-1]]"
obj_6="[[1,161.295,1,1,"[5039.70166,8511.868164,0.274231]",-100,[0,0,0],1,1,-1],[1,177.441,1,1,"[5032.188477,8510.0419922,0.269287]",-100,[0,0,0],1,1,-1],[1,178.309,1,1,"[5024.129395,8509.419922,0.307587]",-100,[0,0,0],1,1,-1],[1,194.555,1,1,"[5016.255371,8509.858398,0.307831]",-100,[0,0,0],1,1,-1],[1,198.446,1,1,"[5008.476074,8511.697266,0.256744]",-100,[0,0,0],1,1,-1]]"
obj_7="[[1,200.609,1,1,"[5000.708496,8513.957031,0.277649]",-100,[0,0,0],1,1,-1],[1,200.603,1,1,"[4992.944824,8516.458984,0.269531]",-100,[0,0,0],1,1,-1],[1,200.57,1,1,"[4985.193848,8518.921875,0.24765]",-100,[0,0,0],1,1,-1],[1,200.512,1,1,"[4977.375488,8521.444336,0.21347]",-100,[0,0,0],1,1,-1],[1,200.531,1,1,"[4969.571777,8523.919922,0.21936]",-100,[0,0,0],1,1,-1]]"
obj_8="[[1,200.525,1,1,"[4961.745117,8526.458008,0.186737]",-100,[0,0,0],1,1,-1],[1,200.536,1,1,"[4953.939941,8528.936523,0.177704]",-100,[0,0,0],1,1,-1],[1,200.6,1,1,"[4946.183105,8531.458008,0.147858]",-100,[0,0,0],1,1,-1],[1,231.002,1,1,"[4940.385742,8535.431641,0.120514]",-100,[0,0,0],1,1,-1],[1,239.95,1,1,"[4935.604492,8541.875977,0.142731]",-100,[0,0,0],1,1,-1]]"
obj_9="[[1,239.944,1,1,"[4931.174805,8548.782227,0.200226]",-100,[0,0,0],1,1,-1],[1,239.809,1,1,"[4926.73877,8555.663086,0.14798]",-100,[0,0,0],1,1,-1],[1,247.616,1,1,"[4919.090332,8570.0478516,0.21463]",-100,[0,0,0],1,1,-1],[1,247.642,1,1,"[4915.695313,8577.661133,0.223267]",-100,[0,0,0],1,1,-1],[1,247.67,1,1,"[4912.32959,8585.149414,0.222778]",-100,[0,0,0],1,1,-1]]"
obj_10="[[1,252.199,1,1,"[4909.19873,8592.679688,0.223755]",-100,[0,0,0],1,1,-1],[1,264.201,1,1,"[4906.00195313,8608.500977,0.205963]",-100,[0,0,0],1,1,-1],[1,269.483,1,1,"[4905.0947266,8616.570313,0.0492249]",-100,[0,0,0],1,1,-1],[1,274.634,1,1,"[4904.230469,8657.683594,0.22171]",-100,[0,0,0],1,1,-1],[1,288.956,1,1,"[4905.451172,8665.579102,0.250244]",-100,[0,0,0],1,1,-1]]"
obj_11="[[1,295.991,1,1,"[4908.17627,8673.31543,0.250793]",-100,[0,0,0],1,1,-1],[1,327.579,1,1,"[4912.856934,8678.730469,-0.0320129]",-100,[0,0,0],0,1,-1],[1,339.659,1,1,"[4919.802734,8682.503906,-0.077301]",-100,[0,0,0],0,1,-1],[1,23.8741,1,1,"[4926.48584,8682.323242,-0.220337]",-100,[0,0,0],1,1,-1],[1,31.307,1,1,"[4933.650879,8678.890625,-0.0834961]",-100,[0,0,0],1,1,-1]]"
obj_12="[[1,31.3075,1,1,"[4940.862793,8674.952148,-0.047821]",-100,[0,0,0],1,1,-1],[1,31.3055,1,1,"[4948.019043,8671.146484,-0.0220032]",-100,[0,0,0],1,1,-1],[1,14.08,1,1,"[4955.746582,8668.0830078,-0.118256]",-100,[0,0,0],1,1,-1],[1,31.2978,1,1,"[4963.0371094,8665.523438,-0.0822144]",-100,[0,0,0],1,1,-1],[1,32.5272,1,1,"[4969.458008,8660.521484,0.057251]",-100,[0,0,0],1,1,-1]]"
obj_13="[[1,21.8158,1,1,"[4976.825195,8657.0595703,-0.00952148]",-100,[0,0,0],1,1,-1],[1,26.3948,1,1,"[4984.249023,8654.0625,-0.0132141]",-100,[0,0,0],1,1,-1],[1,42.5605,1,1,"[4990.699219,8649.838867,0.0497437]",-100,[0,0,0],1,1,-1],[1,26.4236,1,1,"[4997.48584,8645.571289,0.0484619]",-100,[0,0,0],1,1,-1],[1,18.5862,1,1,"[5005.171387,8642.732422,0.050293]",-100,[0,0,0],1,1,-1]]"
obj_14="[[1,26.3874,1,1,"[5012.669922,8639.891602,0.105072]",-100,[0,0,0],1,1,-1],[1,26.3863,1,1,"[5020.115234,8636.699219,0.0418701]",-100,[0,0,0],1,1,-1],[1,26.159,1,1,"[5027.572754,8633.319336,0.0662537]",-100,[0,0,0],1,1,-1],[1,26.4023,1,1,"[5035.0458984,8630.0410156,-0.133148]",-100,[0,0,0],0,1,-1],[1,18.5255,1,1,"[5042.737305,8627.105469,-0.111877]",-100,[0,0,0],0,1,-1]]"
obj_15="[[1,17.8668,1,1,"[5050.271484,8624.867188,-0.104645]",-100,[0,0,0],1,1,-1],[2,20.3205,2,1,"[4994.0942383,8529.0839844,0.0839539]",-100,[0,0,0],1,1,-1],[3,-68.6943,3,1,"[4993.306641,8542.540039,0.910828]",-100,[0,0,0],0,1,-1],[3,-68.6943,3,1,"[5003.554688,8538.542969,0.910828]",-100,[0,0,0],0,1,-1],[3,-68.6943,3,1,"[5013.802734,8534.545898,0.910828]",-100,[0,0,0],0,1,-1]]"
obj_16="[[3,291.306,3,1,"[5024.0507813,8530.548828,0.910828]",-100,[0,0,0],0,1,-1],[3,-68.6943,4,1,"[4983.0581055,8546.522461,0]",-100,[0,0,0],0,1,-1],[3,-68.6943,4,1,"[4972.810059,8550.519531,0]",-100,[0,0,0],0,1,-1],[3,-68.6943,4,1,"[4962.562012,8554.516602,0]",-100,[0,0,0],0,1,-1],[4,-68.6943,5,1,"[4952.305176,8559.570313,0]",-100,[0,0,0],0,1,-1]]"
obj_17="[[4,-32.9758,5,1,"[4947.90332,8567.904297,0]",-100,[0,0,0],0,1,-1],[5,4.10072,6,1,"[4948.588379,8580.330078,0]",-100,[0,0,0],0,1,-1],[5,4.10072,6,1,"[4949.875488,8598.28418,0]",-100,[0,0,0],0,1,-1],[5,4.10072,6,1,"[4951.162598,8616.238281,0]",-100,[0,0,0],0,1,-1],[4,4.10072,7,1,"[4953.306641,8631.0146484,0]",-100,[0,0,0],0,1,-1]]"
obj_18="[[4,41.7058,7,1,"[4960.0078125,8637.486328,0]",-100,[0,0,0],0,1,-1],[4,77.3614,8,1,"[4969.354004,8638.761719,0]",-100,[0,0,0],0,1,-1],[5,-66.6446,9,1,"[4980.876465,8633.969727,0]",-100,[0,0,0],0,1,-1],[5,-66.6446,9,1,"[4997.401367,8626.833984,0]",-100,[0,0,0],0,1,-1],[5,-66.6446,9,1,"[5013.92627,8619.698242,0]",-100,[0,0,0],0,1,-1]]"
obj_19="[[5,293.355,9,1,"[5030.451172,8612.5625,0]",-100,[0,0,0],0,1,-1],[6,-194.867,10,1,"[5011.441406,8527.646484,0]",-100,[0,0,0],1,1,-1],[6,-286.112,10,1,"[4981.913574,8539.768555,0]",-100,[0,0,0],1,1,-1],[6,-211.594,10,1,"[4927.459473,8557.983398,0]",-100,[0,0,0],1,1,-1],[6,-189.018,10,1,"[4908.948242,8596.140625,0]",-100,[0,0,0],1,1,-1]]"
obj_20="[[6,-122.046,10,1,"[4916.511719,8676.375,0]",-100,[0,0,0],1,1,-1],[6,-60.9222,10,1,"[4960.213379,8665.430664,0]",-100,[0,0,0],1,1,-1],[6,-68.9086,10,1,"[5019.617188,8635.461914,0]",-100,[0,0,0],1,1,-1],[6,-68.9086,10,1,"[5052.613281,8622.544922,0]",-100,[0,0,0],1,1,-1],[6,-68.9086,10,1,"[5070.576172,8617.552734,0]",-100,[0,0,0],1,1,-1]]"
obj_21="[[6,-68.9086,10,1,"[5115.0976563,8605.110352,0]",-100,[0,0,0],1,1,-1],[6,-2.81675,10,1,"[5146.520508,8588.703125,0]",-100,[0,0,0],0,1,-1],[6,42.8376,10,1,"[5120.827148,8556.404297,0]",-100,[0,0,0],0,1,-1],[6,92.3278,10,1,"[5094.074707,8534.611328,0]",-100,[0,0,0],0,1,-1],[6,42.9633,10,1,"[5063.801758,8531.779297,0]",-100,[0,0,0],0,1,-1]]"
obj_22="[[6,69.6893,10,1,"[5037.962891,8512.860352,0]",-100,[0,0,0],0,1,-1],[7,85.5363,11,1,"[4886.862305,8652.0625,0]",-100,[0,0,0],0,1,-1],[8,355.902,12,1,"[4902.420898,8654.329102,0]",-100,[0,0,0],0,1,-1],[8,383.131,12,1,"[4923.154785,8650.132813,0]",-100,[0,0,0],0,1,-1],[8,383.131,12,1,"[4960.0385742,8631.151367,0]",-100,[0,0,0],0,1,-1]]"
obj_23="[[8,23.1306,12,1,"[5028.772949,8607.418945,0]",-100,[0,0,0],0,1,-1],[9,264.404,13,1,"[4896.26416,8655.96582,0.055542]",-100,[0,0,0],0,1,-1],[9,262.141,13,1,"[4895.994629,8658.299805,0]",-100,[0,0,0],0,1,-1],[10,291.846,14,1,"[5002.957031,8551.171875,1.85831]",-100,[0,0,0],0,1,-1],[11,274.34,15,1,"[4954.89209,8589.577148,0]",-100,[0,0,0],0,1,-1]]"
obj_24="[[4,257.008,7,1,"[5042.0136719,8607.764648,0]",-100,[0,0,0],0,1,-1],[5,13.0928,9,1,"[5060.917969,8620.967773,0]",-100,[0,0,0],0,1,-1],[4,282.21,7,1,"[5062.516602,8608.524414,0]",-100,[0,0,0],0,1,-1],[5,75.6631,9,1,"[5053.945313,8610.0263672,0]",-100,[0,0,0],0,1,-1],[5,102.704,9,1,"[5076.833008,8604.4375,0]",-100,[0,0,0],0,1,-1]]"
obj_25="[[5,102.704,9,1,"[5094.392578,8600.479492,0]",-100,[0,0,0],0,1,-1],[5,102.704,9,1,"[5111.952148,8596.521484,0]",-100,[0,0,0],0,1,-1],[4,102.704,16,1,"[5126.275879,8592.337891,0]",-100,[0,0,0],0,1,-1],[4,145.339,16,1,"[5129.888672,8586.886719,0]",-100,[0,0,0],0,1,-1],[4,183.133,16,1,"[5128.661133,8577.765625,0]",-100,[0,0,0],0,1,-1]]"
obj_26="[[5,220.456,17,1,"[5120.841797,8568.217773,0]",-100,[0,0,0],0,1,-1],[5,220.456,17,1,"[5111.701172,8557.523438,0]",-100,[0,0,0],0,1,-1],[4,220.456,18,1,"[5101.530762,8547.105469,0]",-100,[0,0,0],0,1,-1],[4,254.665,18,1,"[5093.244629,8545.724609,0]",-100,[0,0,0],0,1,-1],[5,290.007,19,1,"[5082.0395508,8549.682617,0]",-100,[0,0,0],0,1,-1]]"
obj_27="[[4,433.887,20,1,"[5070.291504,8553.78125,0]",-100,[0,0,0],0,1,-1],[4,397.414,20,1,"[5061.106445,8551.93457,0]",-100,[0,0,0],0,1,-1],[5,397.099,21,1,"[5051.433594,8540.829102,0]",-100,[0,0,0],0,1,-1],[4,615.561,22,1,"[5032.476563,8527.426758,0]",-100,[0,0,0],0,1,-1],[4,579.402,22,1,"[5040.181641,8528.444336,0]",-100,[0,0,0],0,1,-1]]"
obj_28="[[3,218.459,23,1,"[5048.0629883,8536.675781,0]",-100,[0,0,0],0,1,-1],[8,23.1306,12,1,"[5068.638672,8601.0361328,0]",-100,[0,0,0],0,1,-1],[8,52.8122,12,1,"[5117.233887,8590.681641,0]",-100,[0,0,0],0,1,-1],[12,357.323,24,1,"[4898.92041,8625.140625,-0.0163269]",-100,[0,0,0],1,1,-1],[12,356.664,24,1,"[4893.337402,8624.842773,-0.0572815]",-100,[0,0,0],1,1,-1]]"
obj_29="[[12,356.179,24,1,"[4887.730957,8624.505859,-0.0850525]",-100,[0,0,0],1,1,-1],[12,265.981,24,1,"[4884.167969,8645.330078,-0.0559082]",-100,[0,0,0],1,1,-1],[12,265.902,24,1,"[4883.75293,8651.121094,0]",-100,[0,0,0],1,1,-1],[12,265.902,24,1,"[4883.337891,8656.911133,0]",-100,[0,0,0],1,1,-1],[12,355.902,24,1,"[4885.280273,8660.692383,0]",-100,[0,0,0],1,1,-1]]"
obj_30="[[12,355.902,24,1,"[4891.065918,8661.106445,0]",-100,[0,0,0],1,1,-1],[12,355.902,24,1,"[4896.850586,8661.520508,0]",-100,[0,0,0],1,1,-1],[13,355.902,25,1,"[4900.23877,8661.745117,0]",-100,[0,0,0],1,1,-1],[13,355.902,25,1,"[4901.356934,8661.842773,0]",-100,[0,0,0],1,1,-1],[13,355.902,25,1,"[4902.304688,8661.871094,0]",-100,[0,0,0],1,1,-1]]"
obj_31="[[7,265.536,11,1,"[4892.361328,8652.549805,-0.286194]",-100,[0,0,0],0,1,-1],[9,264.404,13,1,"[4895.359375,8655.876953,0.055542]",-100,[0,0,0],0,1,-1],[9,264.404,13,1,"[4895.130371,8658.213867,0.055542]",-100,[0,0,0],0,1,-1],[14,356.656,26,1,"[4897.746582,8662.456055,0]",-100,[0,0,0],0,1,-1],[14,356.573,26,1,"[4888.756836,8661.930664,0.260254]",-100,[0,0,0],1,1,-1]]"
obj_32="[[15,357.223,27,1,"[4883.530762,8661.601563,0.325531]",-100,[0,0,0],0,1,-1],[14,266.606,28,1,"[4882.321777,8657.0986328,0.531851]",-100,[0,0,0],0,1,-1],[14,266.606,28,1,"[4882.85498,8648.109375,0.53186]",-100,[0,0,0],0,1,-1],[16,199.911,29,1,"[4884.710449,8622.788086,0.686737]",-100,[0,0,0],0,1,-1],[14,177.232,30,1,"[4889.186523,8623.154297,0.8367]",-100,[0,0,0],1,1,-1]]"
obj_33="[[14,176.448,30,1,"[4897.215332,8623.620117,0.868591]",-100,[0,0,0],1,1,-1],[0,192.645,0,1,"[5055.733887,8629.0302734,-0.0273132]",-100,[0,0,0],1,1,-1],[17,193.074,31,1,"[5062.740234,8629.602539,0.0884399]",-100,[0,0,0],1,1,-1],[18,197.527,32,1,"[5075.273926,8621.290039,0]",-100,[0,0,0],1,1,-1],[18,195.515,32,1,"[5083.337402,8618.881836,0]",-100,[0,0,0],1,1,-1]]"
obj_34="[[18,196.018,32,1,"[5091.479004,8616.62207,0]",-100,[0,0,0],1,1,-1],[18,195.389,32,1,"[5099.603027,8614.290039,0]",-100,[0,0,0],1,1,-1],[18,195.389,32,1,"[5107.751953,8612.046875,0]",-100,[0,0,0],1,1,-1],[18,195.389,32,1,"[5115.904785,8609.802734,0]",-100,[0,0,0],1,1,-1],[18,193.565,32,1,"[5124.0576172,8607.558594,0]",-100,[0,0,0],1,1,-1]]"
obj_35="[[18,194.697,32,1,"[5132.27832,8605.575195,0]",-100,[0,0,0],1,1,-1],[18,196.081,32,1,"[5140.459961,8603.428711,0]",-100,[0,0,0],1,1,-1],[18,210.67,32,1,"[5147.388672,8600.0585938,0]",-100,[0,0,0],1,1,-1],[18,261.166,32,1,"[5151.292969,8594.0126953,0]",-100,[0,0,0],1,1,-1],[18,283.616,32,1,"[5151.230957,8585.813477,0]",-100,[0,0,0],1,1,-1]]"
obj_36="[[18,312.857,32,1,"[5147.313965,8578.460938,0]",-100,[0,0,0],1,1,-1],[18,311.348,32,1,"[5141.55957,8572.258789,0]",-100,[0,0,0],1,1,-1],[18,312.606,32,1,"[5135.969727,8565.907227,0]",-100,[0,0,0],1,1,-1],[18,314.681,32,1,"[5130.260742,8559.700195,0]",-100,[0,0,0],1,1,-1],[18,310.153,32,1,"[5124.541992,8553.525391,0]",-100,[0,0,0],1,1,-1]]"
obj_37="[[18,305.877,32,1,"[5119.445801,8546.974609,0]",-100,[0,0,0],1,1,-1],[18,308.329,32,1,"[5114.323242,8540.178711,0]",-100,[0,0,0],1,1,-1],[18,315.498,32,1,"[5108.818359,8533.341797,0]",-100,[0,0,0],1,1,-1],[18,350.651,32,1,"[5102.00878906,8530.462891,0]",-100,[0,0,0],1,1,-1],[18,359.517,32,1,"[5093.399414,8529.678711,0]",-100,[0,0,0],1,1,-1]]"
obj_38="[[18,359.517,32,1,"[5084.981445,8529.607422,0]",-100,[0,0,0],1,1,-1],[18,359.517,32,1,"[5076.708008,8529.538086,0]",-100,[0,0,0],1,1,-1],[18,334.175,32,1,"[5068.230957,8527.77832,0]",-100,[0,0,0],1,1,-1],[18,312.605,32,1,"[5062.384277,8523.655273,0]",-100,[0,0,0],1,1,-1],[18,320.969,32,1,"[5056.708984,8517.90332,0]",-100,[0,0,0],1,1,-1]]"
obj_39="[[18,328.452,32,1,"[5050.0976563,8513.308594,0]",-100,[0,0,0],1,1,-1],[18,338.514,32,1,"[5042.908691,8509.579102,0]",-100,[0,0,0],1,1,-1],[18,348.324,32,1,"[5035.242188,8507.177734,0]",-100,[0,0,0],1,1,-1],[18,357.505,32,1,"[5027.0571289,8506.00683594,0]",-100,[0,0,0],1,1,-1],[18,367.504,32,1,"[5019.174805,8506.332031,0]",-100,[0,0,0],1,1,-1]]"
obj_40="[[18,370.585,32,1,"[5011.631348,8507.542969,0]",-100,[0,0,0],1,1,-1],[18,376.811,32,1,"[5003.902832,8509.268555,0]",-100,[0,0,0],1,1,-1],[18,378.005,32,1,"[4995.833984,8511.706055,0]",-100,[0,0,0],1,1,-1],[18,378.005,32,1,"[4987.81543,8514.3125,0]",-100,[0,0,0],1,1,-1],[18,378.005,32,1,"[4979.797852,8516.917969,0]",-100,[0,0,0],1,1,-1]]"
obj_41="[[18,378.005,32,1,"[4971.782715,8519.523438,0]",-100,[0,0,0],1,1,-1],[18,377.502,32,1,"[4963.768066,8522.128906,0]",-100,[0,0,0],1,1,-1],[18,377.502,32,1,"[4955.727051,8524.665039,0]",-100,[0,0,0],1,1,-1],[18,377.754,32,1,"[4947.680664,8527.202148,0]",-100,[0,0,0],1,1,-1],[18,390.394,32,1,"[4940.701172,8530.319336,0]",-100,[0,0,0],1,1,-1]]"
obj_42="[[18,412.592,32,1,"[4934.970703,8535.254883,0]",-100,[0,0,0],1,1,-1],[18,419.887,32,1,"[4930.503418,8542.0478516,0]",-100,[0,0,0],1,1,-1],[18,419.887,32,1,"[4926.261719,8549.361328,0]",-100,[0,0,0],1,1,-1],[18,419.887,32,1,"[4922.0195313,8556.675781,0]",-100,[0,0,0],1,1,-1],[18,423.408,32,1,"[4918.206543,8563.866211,0]",-100,[0,0,0],1,1,-1]]"
obj_43="[[18,423.408,32,1,"[4914.420898,8571.428711,0]",-100,[0,0,0],1,1,-1],[18,423.408,32,1,"[4910.635254,8578.991211,0]",-100,[0,0,0],1,1,-1],[18,428.691,32,1,"[4907.228027,8586.489258,0]",-100,[0,0,0],1,1,-1],[18,434.099,32,1,"[4904.563965,8594.112305,0]",-100,[0,0,0],1,1,-1],[18,440.136,32,1,"[4902.620117,8602.0556641,0]",-100,[0,0,0],1,1,-1]]"
obj_44="[[18,445.921,32,1,"[4901.588867,8609.988281,0]",-100,[0,0,0],1,1,-1],[18,85.8139,32,1,"[4900.896973,8617.910156,0.0537415]",-100,[0,0,0],1,1,-1],[18,355.729,32,1,"[4895.143066,8622.182617,-0.134491]",-100,[0,0,0],1,1,-1],[18,85.3961,32,1,"[4882.0620117,8645.106445,0.144684]",-100,[0,0,0],1,1,-1],[18,447.191,32,1,"[4881.351074,8653.535156,0]",-100,[0,0,0],1,1,-1]]"
obj_45="[[18,87.2827,32,1,"[4881.171387,8658.59375,0.0604248]",-100,[0,0,0],1,1,-1],[18,538.26,32,1,"[4885.0532227,8662.871094,0]",-100,[0,0,0],1,1,-1],[18,538.26,32,1,"[4893.500977,8663.12793,0]",-100,[0,0,0],1,1,-1],[18,535.493,32,1,"[4899.572266,8663.418945,0]",-100,[0,0,0],1,1,-1],[18,646.057,32,1,"[4902.67334,8667.623047,0]",-100,[0,0,0],1,1,-1]]"
obj_46="[[18,656.684,32,1,"[4905.452148,8675.117188,0]",-100,[0,0,0],1,1,-1],[18,684.542,32,1,"[4909.663086,8680.433594,0]",-100,[0,0,0],1,1,-1],[18,695.295,32,1,"[4915.758789,8684.148438,0]",-100,[0,0,0],1,1,-1],[18,709.256,32,1,"[4923.150879,8686.183594,0]",-100,[0,0,0],1,1,-1],[18,746.735,32,1,"[4929.79248,8685.0273438,0]",-100,[0,0,0],1,1,-1]]"
obj_47="[[18,747.93,32,1,"[4937.346191,8681.222656,0]",-100,[0,0,0],1,1,-1],[18,747.93,32,1,"[4944.819336,8677.260742,0]",-100,[0,0,0],1,1,-1],[18,743.842,32,1,"[4952.29248,8673.298828,0]",-100,[0,0,0],1,1,-1],[18,738.434,32,1,"[4959.716309,8670.416016,0]",-100,[0,0,0],1,1,-1],[18,748.622,32,1,"[4966.933105,8667.113281,0]",-100,[0,0,0],1,1,-1]]"
obj_48="[[18,750.383,32,1,"[4974.35498,8663.0634766,0]",-100,[0,0,0],1,1,-1],[18,746.232,32,1,"[4981.648926,8658.787109,0]",-100,[0,0,0],1,1,-1],[18,746.232,32,1,"[4989.232422,8655.0507813,0]",-100,[0,0,0],1,1,-1],[18,746.232,32,1,"[4996.813477,8651.31543,0]",-100,[0,0,0],1,1,-1],[18,746.232,32,1,"[5004.393066,8647.580078,0]",-100,[0,0,0],1,1,-1]]"
obj_49="[[18,740.887,32,1,"[5012.157227,8643.99707,0]",-100,[0,0,0],1,1,-1],[18,743.025,32,1,"[5020.138672,8640.621094,0]",-100,[0,0,0],1,1,-1],[18,743.025,32,1,"[5027.911621,8637.317383,0]",-100,[0,0,0],1,1,-1],[18,743.025,32,1,"[5035.682617,8634.0146484,0]",-100,[0,0,0],1,1,-1],[18,743.025,32,1,"[5043.453125,8630.711914,0]",-100,[0,0,0],1,1,-1]]"
obj_50="[[18,9.72926,32,1,"[5048.428223,8629.24707,-0.129089]",-100,[0,0,0],1,1,-1],[19,77.9141,33,1,"[4908.82666,8601.0947266,0.0437622]",-100,[0,0,0],0,1,-1],[13,66.4691,34,1,"[4906.184082,8596.511719,0]",-100,[0,0,0],0,1,-1],[13,66.4691,34,1,"[4906.214355,8596.493164,1.35858]",-100,[0,0,0],0,1,-1],[13,81.7501,34,1,"[4904.959961,8603.900391,1.35858]",-100,[0,0,0],0,1,-1]]"
obj_51="[[13,107.721,34,1,"[4904.845215,8603.689453,-0.0682678]",-100,[0,0,0],0,1,-1],[19,59.8662,33,1,"[4924.490234,8563.895508,0.0437622]",-100,[0,0,0],0,1,-1],[13,59.7404,34,1,"[4919.493164,8565.413086,1.35859]",-100,[0,0,0],0,1,-1],[13,59.7404,34,1,"[4923.0292969,8558.763672,1.35859]",-100,[0,0,0],0,1,-1],[13,59.7404,34,1,"[4923.0922852,8558.790039,0.0213801]",-100,[0,0,0],0,1,-1]]"
obj_52="[[13,62.0043,34,1,"[4919.54248,8565.360352,0.0213928]",-100,[0,0,0],0,1,-1],[20,107.344,35,1,"[4974.695313,8538.358398,0.530304]",-100,[0,0,0],0,1,-1],[21,199.408,36,1,"[4967.0664063,8573.236328,0]",-100,[0,0,0],0,1,-1],[22,196.452,37,1,"[4978.285156,8536.693359,-0.825745]",-100,[0,0,0],0,1,-1],[23,20.3746,38,1,"[4974.995605,8562.275391,0.478943]",-100,[0,0,0],0,1,-1]]"
obj_53="[[23,20.2488,38,1,"[4977.882813,8570.129883,0.483154]",-100,[0,0,0],0,1,-1],[24,292.372,39,1,"[5001.131348,8557.368164,0.413849]",-100,[0,0,0],0,1,-1],[25,355.762,40,1,"[4893.411621,8633.987305,-0.371826]",-100,[0,0,0],1,1,-1],[12,265.902,24,1,"[4884.583008,8639.539063,0]",-100,[0,0,0],1,1,-1],[12,265.902,24,1,"[4884.998047,8633.748047,0]",-100,[0,0,0],1,1,-1]]"
obj_54="[[12,265.902,24,1,"[4885.413086,8627.957031,0]",-100,[0,0,0],1,1,-1],[14,266.606,28,1,"[4883.388184,8639.120117,0.531851]",-100,[0,0,0],0,1,-1],[14,266.606,28,1,"[4883.921387,8630.130859,0.531851]",-100,[0,0,0],0,1,-1],[15,261.009,41,1,"[4884.442383,8624.310547,0.674622]",-100,[0,0,0],0,1,-1],[18,86.6439,32,1,"[4882.751465,8636.675781,0.096344]",-100,[0,0,0],1,1,-1]]"
obj_55="[[18,86.6439,32,1,"[4883.246582,8628.230469,0.096344]",-100,[0,0,0],1,1,-1],[18,356.802,32,1,"[4886.951172,8621.791992,0.00939941]",-100,[0,0,0],1,1,-1],[19,56.0871,33,1,"[4902.0522461,8622.259766,-0.230682]",-100,[0,0,0],1,1,-1],[18,57.9702,32,1,"[4898.352051,8618.231445,-0.0653687]",-100,[0,0,0],1,1,-1],[8,128.966,12,1,"[5120.112793,8574.902344,0]",-100,[0,0,0],0,1,-1]]"
obj_56="[[8,176.444,12,1,"[5096.35791,8551.65625,0]",-100,[0,0,0],0,1,-1],[8,159.15,12,1,"[5062.157715,8557.658203,0]",-100,[0,0,0],0,1,-1],[8,202.855,12,1,"[5033.59082,8533.0390625,0]",-100,[0,0,0],0,1,-1],[8,201.597,12,1,"[4991.000976563,8549.151367,0]",-100,[0,0,0],0,1,-1],[8,252.786,12,1,"[4955.347656,8566.620117,0]",-100,[0,0,0],0,1,-1]]"
obj_57="[[21,199.408,36,1,"[4964.370117,8565.819336,0]",-100,[0,0,0],0,1,-1],[26,327.138,42,1,"[4956.241699,8654.113281,-0.0563972]",-100,[0,0,0],0,1,-1],[26,327.138,42,1,"[4950.0507813,8650.114258,-0.0563972]",-100,[0,0,0],0,1,-1],[27,359.587,43,1,"[4947.556641,8660.498047,0]",-100,[0,0,0],0,1,-1],[27,359.587,43,1,"[4943.136719,8657.500977,0]",-100,[0,0,0],0,1,-1]]"
obj_58="[[28,21.6472,44,1,"[5042.862793,8580.257813,-18.7438]",-100,[0,0,0],0,1,-1],[28,21.6472,44,1,"[5017.121094,8590.631836,-18.7438]",-100,[0,0,0],0,1,-1],[29,321.415,45,1,"[4946.323242,8659.921875,0.547516]",-100,[0,0,0],1,1,-1],[30,5.51764,46,1,"[4944.0795898,8608.552734,-0.0464172]",-100,[0,0,0],1,1,-1],[30,5.49319,46,1,"[4940.804688,8608.864258,-0.095459]",-100,[0,0,0],1,1,-1]]"
obj_59="[[30,5.33147,46,1,"[4937.460449,8609.173828,-0.150696]",-100,[0,0,0],1,1,-1],[30,275.377,46,1,"[4934.901367,8608.458008,-0.111755]",-100,[0,0,0],1,1,-1],[30,275.428,46,1,"[4934.604492,8605.103516,-0.129486]",-100,[0,0,0],1,1,-1],[30,275.395,46,1,"[4926.15332,8598.337891,-0.115082]",-100,[0,0,0],1,1,-1],[30,275.395,46,1,"[4926.429688,8601.602539,-0.115082]",-100,[0,0,0],1,1,-1]]"
obj_60="[[30,275.384,46,1,"[4925.83252,8594.994141,-0.110687]",-100,[0,0,0],1,1,-1],[30,185.338,46,1,"[4926.516602,8592.416992,0.0150757]",-100,[0,0,0],1,1,-1],[30,185.34,46,1,"[4929.75293,8592.0947266,0.0619812]",-100,[0,0,0],1,1,-1],[30,185.345,46,1,"[4932.964844,8591.806641,0.168213]",-100,[0,0,0],1,1,-1],[13,164.498,47,1,"[4943.0385742,8582.807617,0.0701904]",-100,[0,0,0],1,1,-1]]"
obj_61="[[31,14.8695,48,1,"[5043.551758,8619.667969,0.281158]",-100,[0,0,0],0,1,-1],[32,104.543,49,1,"[5036.607422,8621.200195,0]",-100,[0,0,0],0,1,-1],[32,13.9892,50,1,"[5039.970215,8613.988281,-0.565643]",-100,[0,0,0],0,1,-1],[33,13.9892,51,1,"[5073.115234,8626.237305,0]",-100,[0,0,0],0,1,-1],[33,13.9892,51,1,"[5075.0078125,8625.765625,0]",-100,[0,0,0],0,1,-1]]"
obj_62="[[33,13.9892,51,1,"[5076.900391,8625.293945,0]",-100,[0,0,0],0,1,-1],[33,13.9892,51,1,"[5078.392578,8622.827148,0]",-100,[0,0,0],0,1,-1],[33,13.9892,51,1,"[5076.5,8623.298828,0]",-100,[0,0,0],0,1,-1],[33,13.9892,51,1,"[5074.607422,8623.770508,0]",-100,[0,0,0],0,1,-1],[33,13.9892,51,1,"[5072.714844,8624.242188,0]",-100,[0,0,0],0,1,-1]]"
obj_63="[[33,13.9892,51,1,"[5052.6875,8631.333008,0]",-100,[0,0,0],0,1,-1],[33,13.9892,51,1,"[5050.794922,8631.804688,0]",-100,[0,0,0],0,1,-1],[33,13.9892,51,1,"[5048.902344,8632.276367,0]",-100,[0,0,0],0,1,-1],[33,13.9892,51,1,"[5052.241211,8629.541016,0]",-100,[0,0,0],0,1,-1],[33,13.9892,51,1,"[5050.348633,8630.0126953,0]",-100,[0,0,0],0,1,-1]]"
obj_64="[[33,13.9892,51,1,"[5048.456055,8630.484375,0]",-100,[0,0,0],0,1,-1],[33,13.9892,51,1,"[5046.563477,8630.956055,0]",-100,[0,0,0],0,1,-1],[34,283.597,52,1,"[5070.367676,8622.87207,0]",-100,[0,0,0],0,1,-1],[34,283.597,52,1,"[5053.643066,8627.592773,0]",-100,[0,0,0],0,1,-1],[34,280.545,53,1,"[5057.0332031,8626.744141,3.05176e-005]",-100,[0,0,0],1,1,-1]]"
obj_65="[[34,282.681,53,1,"[5066.865723,8624.323242,3.05176e-005]",-100,[0,0,0],1,1,-1],[12,22.9547,54,1,"[5052.307617,8586.569336,-0.0792236]",-100,[0,0,0],1,1,-1],[12,23.1437,54,1,"[5047.179688,8588.765625,-0.0406189]",-100,[0,0,0],1,1,-1],[12,23.1437,54,1,"[5042.00927734,8590.976563,-0.0406189]",-100,[0,0,0],1,1,-1],[12,23.1617,54,1,"[5036.85498,8593.244141,-0.0273438]",-100,[0,0,0],1,1,-1]]"
obj_66="[[12,23.1708,54,1,"[5031.710938,8595.495117,-0.00521851]",-100,[0,0,0],1,1,-1],[12,23.1708,54,1,"[5026.578613,8597.71582,-0.00521851]",-100,[0,0,0],1,1,-1],[12,23.1768,54,1,"[5021.737305,8599.783203,-0.0487366]",-100,[0,0,0],1,1,-1],[12,23.0858,54,1,"[5016.694336,8601.944336,-0.059082]",-100,[0,0,0],1,1,-1],[12,23.1467,54,1,"[5011.611816,8604.134766,-0.0956421]",-100,[0,0,0],1,1,-1]]"
obj_67="[[12,23.0645,54,1,"[5057.387695,8584.382813,-0.0460205]",-100,[0,0,0],1,1,-1],[12,113.288,54,1,"[5059.987305,8581.15918,0.115936]",-100,[0,0,0],1,1,-1],[12,113.271,54,1,"[5057.76416,8576.0126953,0.109619]",-100,[0,0,0],1,1,-1],[12,113.205,54,1,"[5055.637207,8570.911133,0.0953064]",-100,[0,0,0],1,1,-1],[12,113.214,54,1,"[5053.476074,8565.736328,0.0941467]",-100,[0,0,0],1,1,-1]]"
obj_68="[[35,275.602,55,1,"[4933.988281,8597.363281,0.13266]",-100,[0,0,0],1,1,-1],[30,5.33235,46,1,"[4933.458496,8602.774414,-0.226807]",-100,[0,0,0],1,1,-1],[30,5.33235,46,1,"[4930.709961,8603.0273438,-0.226807]",-100,[0,0,0],1,1,-1],[30,5.33235,46,1,"[4927.523926,8603.304688,-0.226807]",-100,[0,0,0],1,1,-1],[30,275.347,46,1,"[4933.668945,8589.438477,0.126462]",-100,[0,0,0],1,1,-1]]"
obj_69="[[30,275.347,46,1,"[4933.337891,8585.900391,0.126462]",-100,[0,0,0],1,1,-1],[30,365.347,46,1,"[4934.0961914,8583.506836,0.126462]",-100,[0,0,0],1,1,-1],[30,5.35279,46,1,"[4937.402832,8583.195313,0.0721741]",-100,[0,0,0],1,1,-1],[30,5.36036,46,1,"[4940.698242,8582.854492,0.0747986]",-100,[0,0,0],1,1,-1],[23,101.696,38,1,"[5109.987305,8575.568359,0.483154]",-100,[0,0,0],0,1,-1]]"
obj_70="[[23,101.696,38,1,"[5099.893555,8577.658203,0.483154]",-100,[0,0,0],0,1,-1],[23,101.696,38,1,"[5089.799805,8579.748047,0.483154]",-100,[0,0,0],0,1,-1],[23,101.696,38,1,"[5079.705566,8581.837891,0.483154]",-100,[0,0,0],0,1,-1],[36,167.877,56,1,"[5067.970215,8542.078125,-0.0527954]",-100,[0,0,0],1,1,-1],[37,112.638,57,1,"[5009.3125,8631.53125,0.0732322]",-100,[0,0,0],1,1,-1]]"
obj_71="[[37,113.046,57,1,"[4990.887207,8639.25,-0.422882]",-100,[0,0,0],1,1,-1],[38,301.921,58,1,"[4921.307129,8674.602539,-3.74182]",-100,[0,0,0],0,1,-1],[39,211.87,59,1,"[4913.967773,8665.00683594,-3.21344]",-100,[0,0,0],0,1,-1],[40,185.081,60,1,"[4931.634277,8608.797852,0]",-100,[0,0,0],0,1,-1],[40,5.08099,60,1,"[4927.652344,8586.0722656,0]",-100,[0,0,0],0,1,-1]]"
obj_72="[[38,210.966,61,1,"[4908.711914,8654.046875,-2.73621]",-100,[0,0,0],0,1,-1],[41,120.914,62,1,"[4912.650391,8650.245117,-2.83276]",-100,[0,0,0],0,1,-1],[42,120.348,63,1,"[4916.518066,8653.451172,-0.0369568]",-100,[0,0,0],1,1,-1],[43,302.887,64,1,"[4926.482422,8672.878906,-4.15424]",-100,[0,0,0],0,1,-1],[42,120.969,63,1,"[4925.436523,8667.866211,-0.0394897]",-100,[0,0,0],1,1,-1]]"
obj_73="[[5,306.561,6,1,"[4944.563477,8640.800781,0]",-100,[0,0,0],0,1,-1],[5,-53.4388,6,1,"[4930.105469,8651.523438,0]",-100,[0,0,0],0,1,-1],[5,-157.136,6,1,"[4996.224121,8612.923828,0]",-100,[0,0,0],0,1,-1],[5,-157.136,6,1,"[4989.230469,8596.337891,0]",-100,[0,0,0],0,1,-1]]"
dat_0="["Land_fortified_nest_small_EP1","\Ca\misc3\data\Icons\icon_fortNestSmall_ca.paa","\ca\Misc_E\fortified_nest_small_ep1.p3d"]"
dat_1="["Land_HBarrierWall6_F","\A3\ui_f\data\map\vehicleicons\iconObject_2x1_ca.paa","\A3\Structures_F\Mil\Fortification\HBarrierWall6_F.p3d"]"
dat_2="["Land_i_Barracks_V1_F","\A3\ui_f\data\map\vehicleicons\iconObject_ca.paa","\A3\Structures_F\Mil\Barracks\i_Barracks_V1_F.p3d"]"
dat_3="["xcam_city_W10_L11","\xCAM\xCAM_EU\icon\LIG.paa","\a3\roads_f\roads_new\city_W10_L11.p3d"]"
dat_4="["xcam_city_W10_A36_287_R15","\xCAM\xCAM_EU\icon\LIG.paa","\a3\roads_f\roads_new\city_W10_A36_287_R15.p3d"]"
dat_5="["xcam_city_W10_L18","\xCAM\xCAM_EU\icon\LIG.paa","\a3\roads_f\roads_new\city_W10_L18.p3d"]"
dat_6="["xcam_LampHalogen_off_F","\xCAM\xCAM_EU\icon\ESA.paa","\a3\structures_f\Civ\Lamps\LampHalogen_off_F.p3d"]"
dat_7="["xcam_HighVoltageEnd_F","\xCAM\xCAM_EU\icon\ESA.paa","\a3\structures_f\ind\PowerLines\HighVoltageEnd_F.p3d"]"
dat_8="["xcam_PowerPoleWooden_F","\xCAM\xCAM_EU\icon\ESA.paa","\a3\structures_f\ind\PowerLines\PowerPoleWooden_F.p3d"]"
dat_9="["xcam_PowLines_Transformer_F","\xCAM\xCAM_EU\icon\ESA.paa","\a3\structures_f\ind\PowerLines\PowLines_Transformer_F.p3d"]"
dat_10="["xcam_Communication_F","\xCAM\xCAM_EU\icon\ESA.paa","\a3\structures_f\ind\Transmitter_Tower\Communication_F.p3d"]"
dat_11="["Land_Metal_Shed_F","\A3\ui_f\data\map\vehicleicons\iconObject_ca.paa","\A3\Structures_F\Households\Addons\Metal_Shed_F.p3d"]"
dat_12="["Land_HBarrier_5_F","\A3\ui_f\data\map\vehicleicons\iconObject_3x1_ca.paa","\A3\Structures_F\Mil\Fortification\HBarrier_5_F.p3d"]"
dat_13="["Land_HBarrier_1_F","\A3\ui_f\data\map\vehicleicons\iconObject_4x5_ca.paa","\A3\Structures_F\Mil\Fortification\HBarrier_1_F.p3d"]"
dat_14="["Land_IndFnc_9_F","\A3\ui_f\data\map\vehicleicons\iconObject_ca.paa","\A3\Structures_F\Walls\IndFnc_9_F.p3d"]"
dat_15="["Land_IndFnc_3_F","\A3\ui_f\data\map\vehicleicons\iconObject_ca.paa","\A3\Structures_F\Walls\IndFnc_3_F.p3d"]"
dat_16="["Land_IndFnc_Pole_F","\A3\ui_f\data\map\vehicleicons\iconObject_ca.paa","\A3\Structures_F\Walls\IndFnc_Pole_F.p3d"]"
dat_17="["Land_BarGate_F","\A3\ui_f\data\map\vehicleicons\iconObject_10x1_ca.paa","\A3\Structures_F\Walls\BarGate_F.p3d"]"
dat_18="["Fort_RazorWire","\Ca\misc\data\icons\I_drutkolczasty_CA.paa","\ca\misc\Fort_Razorwire.p3d"]"
dat_19="["Land_HBarrierTower_F","\A3\ui_f\data\map\vehicleicons\iconObject_4x5_ca.paa","\A3\Structures_F\Mil\Fortification\HBarrierTower_F.p3d"]"
dat_20="["Land_Fuel_tank_big","\Ca\misc\data\icons\i_fuel_CA.paa","\ca\misc\Fuel_tank_big.p3d"]"
dat_21="["Land_fuel_tank_small","\Ca\misc\data\icons\i_fuel_CA.paa","\ca\misc\fuel_tank_small.p3d"]"
dat_22="["Land_water_tank","\ca\data\data\Unknown_object.paa","\ca\misc\water_tank.p3d"]"
dat_23="["Land_Mil_Barracks_i","\A3\ui_f\data\map\vehicleicons\iconObject_ca.paa","\CA\Structures\Mil\Mil_Barracks_i.p3d"]"
dat_24="["Land_Mil_ControlTower","\A3\ui_f\data\map\vehicleicons\iconObject_ca.paa","\CA\Structures\Mil\Mil_ControlTower.p3d"]"
dat_25="["Land_Misc_PowerStation","\A3\ui_f\data\map\vehicleicons\iconObject_ca.paa","\Ca\buildings2\Misc_PowerStation\Misc_PowerStation.p3d"]"
dat_26="["Barrack2","\ca\misc2\data\icons\icon_barrack2_ca.paa","\CA\misc2\Barrack2\Barrack2.p3d"]"
dat_27="["Misc_cargo_cont_small","\A3\ui_f\data\map\vehicleicons\iconObject_ca.paa","\Ca\Misc_ACR\Container\Misc_cargo_cont_small_ACR.p3d"]"
dat_28="["Land_Hospital_side2_F","\A3\ui_f\data\map\vehicleicons\iconObject_ca.paa","\A3\Structures_f\Dominants\Hospital\Hospital_side2_F.p3d"]"
dat_29="["Land_CamoNet_EAST","\Ca\misc3\data\Icons\icon_camoNet_ca.paa","\Ca\misc3\CamoNet_EAST.p3d"]"
dat_30="["Land_HBarrier_3_F","\A3\ui_f\data\map\vehicleicons\iconObject_2x1_ca.paa","\A3\Structures_F\Mil\Fortification\HBarrier_3_F.p3d"]"
dat_31="["Fort_CAmp","\Ca\misc3\data\Icons\icon_fortNestBig_ca.paa","\Ca\misc3\fortified_nest_big.p3d"]"
dat_32="["Land_fort_rampart","\Ca\misc3\data\Icons\icon_fortRamPart_ca.paa","\Ca\misc3\fort_rampart.p3d"]"
dat_33="["Hedgehog","\ca\data\data\Unknown_object.paa","\ca\misc\jezek_kov.p3d"]"
dat_34="["Land_BagFence_Long_F","\A3\ui_f\data\map\vehicleicons\iconObject_7x1_ca.paa","A3\Structures_F\Mil\BagFence\BagFence_Long_F.p3d"]"
dat_35="["Land_Mil_Repair_center_EP1","\A3\ui_f\data\map\vehicleicons\iconObject_ca.paa","\ca\Structures_E\Mil\Mil_Repair_center_ep1.p3d"]"
dat_36="["Land_Shed_W03_EP1","\A3\ui_f\data\map\vehicleicons\iconObject_ca.paa","\CA\Structures_E\Misc\Shed_W03_ep1.p3d"]"
dat_37="["Land_Ind_Shed_02_EP1","\A3\ui_f\data\map\vehicleicons\iconObject_ca.paa","\ca\Structures_E\Ind\Ind_Shed\Ind_Shed_02_EP1.p3d"]"
dat_38="["Land_IndPipe2_bigL_L_EP1","\A3\ui_f\data\map\vehicleicons\iconObject_ca.paa","\ca\Structures_E\Ind\Ind_Pipes\IndPipe2_bigL_L_EP1.p3d"]"
dat_39="["Land_IndPipe2_big_18ladder_EP1","\A3\ui_f\data\map\vehicleicons\iconObject_ca.paa","\ca\Structures_E\Ind\Ind_Pipes\IndPipe2_big_18ladder_EP1.p3d"]"
dat_40="["Land_Ind_Garage01_EP1","\A3\ui_f\data\map\vehicleicons\iconObject_ca.paa","\ca\Structures_E\Ind\Ind_Garage01\Ind_Garage01_ep1.p3d"]"
dat_41="["Land_IndPipe2_big_ground2_EP1","\A3\ui_f\data\map\vehicleicons\iconObject_ca.paa","\ca\Structures_E\Ind\Ind_Pipes\IndPipe2_big_ground2_EP1.p3d"]"
dat_42="["Land_Ind_Oil_Pump_EP1","\A3\ui_f\data\map\vehicleicons\iconObject_ca.paa","\ca\Structures_E\Ind\Ind_Oil_Mine\Ind_Oil_Pump_EP1.p3d"]"
dat_43="["Land_IndPipe2_big_ground1_EP1","\A3\ui_f\data\map\vehicleicons\iconObject_ca.paa","\ca\Structures_E\Ind\Ind_Pipes\IndPipe2_big_ground1_EP1.p3d"]"
lastpos="[0,[4938.91,8634,0],[0,98.7458,53.5871,0.234627,1.09764,1,6,298.871]]"
count="369"
